 9.2
 9.2
 9.0
 9.0
 8.9
 8.9
 8.9
 8.9
 8.8
 8.8
 8.8
 8.7
 8.7
 8.7
 8.7
 8.7
 8.7
 8.7
 8.6
 8.6
 8.6
 8.6
 8.6
 8.6
 8.6
 8.6
 8.5
 8.5
 8.5
 8.5
 8.5
 8.5
 8.5
 8.5
 8.5
 8.5
 8.5
 8.5
 8.5
 8.5
 8.5
 8.5
 8.5
 8.5
 8.5
 8.5
 8.5
 8.5
 8.5
 8.5
 8.5
 8.4
 8.4
 8.4
 8.4
 8.4
 8.4
 8.4
 8.4
 8.4
 8.4
 8.4
 8.4
 8.4
 8.4
 8.4
 8.4
 8.4
 8.4
 8.4
 8.3
 8.3
 8.3
 8.3
 8.3
 8.3
 8.3
 8.3
 8.3
 8.3
 8.3
 8.3
 8.3
 8.3
 8.3
 8.3
 8.3
 8.3
 8.3
 8.3
 8.3
 8.3
 8.3
 8.3
 8.3
 8.3
 8.3
 8.3
 8.3
 8.3
 8.3
 8.3
 8.3
 8.3
 8.3
 8.3
 8.3
 8.2
 8.2
 8.2
 8.2
 8.2
 8.2
 8.2
 8.2
 8.2
 8.2
 8.2
 8.2
 8.2
 8.2
 8.2
 8.2
 8.2
 8.2
 8.2
 8.2
 8.2
 8.2
 8.2
 8.2
 8.2
 8.2
 8.2
 8.2
 8.2
 8.2
 8.2
 8.2
 8.2
 8.2
 8.2
 8.2
 8.2
 8.2
 8.2
 8.2
 8.2
 8.1
 8.1
 8.1
 8.1
 8.1
 8.1
 8.1
 8.1
 8.1
 8.1
 8.1
 8.1
 8.1
 8.1
 8.1
 8.1
 8.1
 8.1
 8.1
 8.1
 8.1
 8.1
 8.1
 8.1
 8.1
 8.1
 8.1
 8.1
 8.1
 8.1
 8.1
 8.1
 8.1
 8.1
 8.1
 8.1
 8.1
 8.1
 8.1
 8.1
 8.1
 8.1
 8.1
 8.1
 8.1
 8.1
 8.1
 8.1
 8.1
 8.1
 8.1
 8.1
 8.1
 8.1
 8.1
 8.1
 8.1
 8.1
 8.1
 8.1
 8.1
 8.1
 8.1
 8.1
 8.1
 8.1
 8.1
 8.0
 8.0
 8.0
 8.0
 8.0
 8.0
 8.0
 8.0
 8.0
 8.0
 8.0
 8.0
 8.0
 8.0
 8.0
 8.0
 8.0
 8.0
 8.0
 8.0
 8.0
 8.0
 8.0
 8.0
 8.0
 8.0
 8.0
 8.0
 8.0
 8.0
 8.0
 8.0
 8.0
 8.0
 8.0
